[
    [
        100,
        5,
        29,
        22,
        89,
        16,
        86,
        17,
        26,
        98
    ],
    [
        7,
        100,
        90,
        34,
        71,
        99,
        75,
        25,
        39,
        16
    ],
    [
        41,
        77,
        100,
        15,
        72,
        61,
        45,
        73,
        94,
        92
    ],
    [
        62,
        2,
        49,
        100,
        40,
        26,
        53,
        73,
        41,
        9
    ],
    [
        74,
        46,
        80,
        35,
        100,
        30,
        44,
        51,
        63,
        75
    ],
    [
        3,
        26,
        63,
        15,
        19,
        100,
        48,
        40,
        28,
        65
    ],
    [
        91,
        10,
        54,
        82,
        42,
        89,
        100,
        32,
        98,
        31
    ],
    [
        27,
        62,
        12,
        46,
        35,
        5,
        41,
        100,
        11,
        95
    ],
    [
        75,
        55,
        39,
        3,
        29,
        6,
        72,
        47,
        100,
        27
    ],
    [
        57,
        36,
        86,
        71,
        56,
        97,
        30,
        91,
        77,
        100
    ]
][
    [
        100,
        5,
        29,
        22,
        89,
        16,
        86,
        17,
        26,
        98
    ],
    [
        7,
        100,
        90,
        34,
        71,
        99,
        75,
        25,
        39,
        16
    ],
    [
        41,
        77,
        100,
        15,
        72,
        61,
        45,
        73,
        94,
        92
    ],
    [
        62,
        2,
        49,
        100,
        40,
        26,
        53,
        73,
        41,
        9
    ],
    [
        74,
        46,
        80,
        35,
        100,
        30,
        44,
        51,
        63,
        75
    ],
    [
        3,
        26,
        63,
        15,
        19,
        100,
        48,
        40,
        28,
        65
    ],
    [
        91,
        10,
        54,
        82,
        42,
        89,
        100,
        32,
        98,
        31
    ],
    [
        27,
        62,
        12,
        46,
        35,
        5,
        41,
        100,
        11,
        95
    ],
    [
        75,
        55,
        39,
        3,
        29,
        6,
        72,
        47,
        100,
        27
    ],
    [
        57,
        36,
        86,
        71,
        56,
        97,
        30,
        91,
        77,
        100
    ]
][
    [
        100,
        5,
        29,
        22,
        89,
        16,
        86,
        17,
        26,
        98
    ],
    [
        7,
        100,
        90,
        34,
        71,
        99,
        75,
        25,
        39,
        16
    ],
    [
        41,
        77,
        100,
        15,
        72,
        61,
        45,
        73,
        94,
        92
    ],
    [
        62,
        2,
        49,
        100,
        40,
        26,
        53,
        73,
        41,
        9
    ],
    [
        74,
        46,
        80,
        35,
        100,
        30,
        44,
        51,
        63,
        75
    ],
    [
        3,
        26,
        63,
        15,
        19,
        100,
        48,
        40,
        28,
        65
    ],
    [
        91,
        10,
        54,
        82,
        42,
        89,
        100,
        32,
        98,
        31
    ],
    [
        27,
        62,
        12,
        46,
        35,
        5,
        41,
        100,
        11,
        95
    ],
    [
        75,
        55,
        39,
        3,
        29,
        6,
        72,
        47,
        100,
        27
    ],
    [
        57,
        36,
        86,
        71,
        56,
        97,
        30,
        91,
        77,
        100
    ]
][
    [
        100,
        5,
        29,
        22,
        89,
        16,
        86,
        17,
        26,
        98
    ],
    [
        7,
        100,
        90,
        34,
        71,
        99,
        75,
        25,
        39,
        16
    ],
    [
        41,
        77,
        100,
        15,
        72,
        61,
        45,
        73,
        94,
        92
    ],
    [
        62,
        2,
        49,
        100,
        40,
        26,
        53,
        73,
        41,
        9
    ],
    [
        74,
        46,
        80,
        35,
        100,
        30,
        44,
        51,
        63,
        75
    ],
    [
        3,
        26,
        63,
        15,
        19,
        100,
        48,
        40,
        28,
        65
    ],
    [
        91,
        10,
        54,
        82,
        42,
        89,
        100,
        32,
        98,
        31
    ],
    [
        27,
        62,
        12,
        46,
        35,
        5,
        41,
        100,
        11,
        95
    ],
    [
        75,
        55,
        39,
        3,
        29,
        6,
        72,
        47,
        100,
        27
    ],
    [
        57,
        36,
        86,
        71,
        56,
        97,
        30,
        91,
        77,
        100
    ]
][
    [
        100,
        5,
        29,
        22,
        89,
        16,
        86,
        17,
        26,
        98
    ],
    [
        7,
        100,
        90,
        34,
        71,
        99,
        75,
        25,
        39,
        16
    ],
    [
        41,
        77,
        100,
        15,
        72,
        61,
        45,
        73,
        94,
        92
    ],
    [
        62,
        2,
        49,
        100,
        40,
        26,
        53,
        73,
        41,
        9
    ],
    [
        74,
        46,
        80,
        35,
        100,
        30,
        44,
        51,
        63,
        75
    ],
    [
        3,
        26,
        63,
        15,
        19,
        100,
        48,
        40,
        28,
        65
    ],
    [
        91,
        10,
        54,
        82,
        42,
        89,
        100,
        32,
        98,
        31
    ],
    [
        27,
        62,
        12,
        46,
        35,
        5,
        41,
        100,
        11,
        95
    ],
    [
        75,
        55,
        39,
        3,
        29,
        6,
        72,
        47,
        100,
        27
    ],
    [
        57,
        36,
        86,
        71,
        56,
        97,
        30,
        91,
        77,
        100
    ]
][
    [
        100,
        5,
        29,
        22,
        89,
        16,
        86,
        17,
        26,
        98
    ],
    [
        7,
        100,
        90,
        34,
        71,
        99,
        75,
        25,
        39,
        16
    ],
    [
        41,
        77,
        100,
        15,
        72,
        61,
        45,
        73,
        94,
        92
    ],
    [
        62,
        2,
        49,
        100,
        40,
        26,
        53,
        73,
        41,
        9
    ],
    [
        74,
        46,
        80,
        35,
        100,
        30,
        44,
        51,
        63,
        75
    ],
    [
        3,
        26,
        63,
        15,
        19,
        100,
        48,
        40,
        28,
        65
    ],
    [
        91,
        10,
        54,
        82,
        42,
        89,
        100,
        32,
        98,
        31
    ],
    [
        27,
        62,
        12,
        46,
        35,
        5,
        41,
        100,
        11,
        95
    ],
    [
        75,
        55,
        39,
        3,
        29,
        6,
        72,
        47,
        100,
        27
    ],
    [
        57,
        36,
        86,
        71,
        56,
        97,
        30,
        91,
        77,
        100
    ]
][
    [
        100,
        5,
        29,
        22,
        89,
        16,
        86,
        17,
        26,
        98
    ],
    [
        7,
        100,
        90,
        34,
        71,
        99,
        75,
        25,
        39,
        16
    ],
    [
        41,
        77,
        100,
        15,
        72,
        61,
        45,
        73,
        94,
        92
    ],
    [
        62,
        2,
        49,
        100,
        40,
        26,
        53,
        73,
        41,
        9
    ],
    [
        74,
        46,
        80,
        35,
        100,
        30,
        44,
        51,
        63,
        75
    ],
    [
        3,
        26,
        63,
        15,
        19,
        100,
        48,
        40,
        28,
        65
    ],
    [
        91,
        10,
        54,
        82,
        42,
        89,
        100,
        32,
        98,
        31
    ],
    [
        27,
        62,
        12,
        46,
        35,
        5,
        41,
        100,
        11,
        95
    ],
    [
        75,
        55,
        39,
        3,
        29,
        6,
        72,
        47,
        100,
        27
    ],
    [
        57,
        36,
        86,
        71,
        56,
        97,
        30,
        91,
        77,
        100
    ]
][
    [
        100,
        5,
        29,
        22,
        89,
        16,
        86,
        17,
        26,
        98
    ],
    [
        7,
        100,
        90,
        34,
        71,
        99,
        75,
        25,
        39,
        16
    ],
    [
        41,
        77,
        100,
        15,
        72,
        61,
        45,
        73,
        94,
        92
    ],
    [
        62,
        2,
        49,
        100,
        40,
        26,
        53,
        73,
        41,
        9
    ],
    [
        74,
        46,
        80,
        35,
        100,
        30,
        44,
        51,
        63,
        75
    ],
    [
        3,
        26,
        63,
        15,
        19,
        100,
        48,
        40,
        28,
        65
    ],
    [
        91,
        10,
        54,
        82,
        42,
        89,
        100,
        32,
        98,
        31
    ],
    [
        27,
        62,
        12,
        46,
        35,
        5,
        41,
        100,
        11,
        95
    ],
    [
        75,
        55,
        39,
        3,
        29,
        6,
        72,
        47,
        100,
        27
    ],
    [
        57,
        36,
        86,
        71,
        56,
        97,
        30,
        91,
        77,
        100
    ]
][
    [
        100,
        48,
        85,
        18,
        32,
        37,
        86,
        85,
        90,
        79
    ],
    [
        5,
        100,
        81,
        68,
        11,
        58,
        23,
        76,
        74,
        39
    ],
    [
        55,
        84,
        100,
        89,
        98,
        75,
        45,
        74,
        24,
        93
    ],
    [
        88,
        89,
        75,
        100,
        57,
        53,
        49,
        86,
        97,
        33
    ],
    [
        0,
        75,
        53,
        29,
        100,
        56,
        21,
        92,
        8,
        63
    ],
    [
        80,
        21,
        15,
        61,
        89,
        100,
        56,
        57,
        64,
        83
    ],
    [
        93,
        100,
        25,
        99,
        72,
        38,
        100,
        93,
        86,
        29
    ],
    [
        98,
        67,
        73,
        64,
        31,
        3,
        9,
        100,
        1,
        1
    ],
    [
        39,
        2,
        60,
        84,
        27,
        57,
        40,
        27,
        100,
        99
    ],
    [
        5,
        68,
        15,
        48,
        93,
        1,
        89,
        51,
        17,
        100
    ]
][
    [
        100,
        48,
        85,
        18,
        32,
        37,
        86,
        85,
        90,
        79
    ],
    [
        5,
        100,
        81,
        68,
        11,
        58,
        23,
        76,
        74,
        39
    ],
    [
        55,
        84,
        100,
        89,
        98,
        75,
        45,
        74,
        24,
        93
    ],
    [
        88,
        89,
        75,
        100,
        57,
        53,
        49,
        86,
        97,
        33
    ],
    [
        0,
        75,
        53,
        29,
        100,
        56,
        21,
        92,
        8,
        63
    ],
    [
        80,
        21,
        15,
        61,
        89,
        100,
        56,
        57,
        64,
        83
    ],
    [
        93,
        100,
        25,
        99,
        72,
        38,
        100,
        93,
        86,
        29
    ],
    [
        98,
        67,
        73,
        64,
        31,
        3,
        9,
        100,
        1,
        1
    ],
    [
        39,
        2,
        60,
        84,
        27,
        57,
        40,
        27,
        100,
        99
    ],
    [
        5,
        68,
        15,
        48,
        93,
        1,
        89,
        51,
        17,
        100
    ]
][
    [
        100,
        48,
        85,
        18,
        32,
        37,
        86,
        85,
        90,
        79
    ],
    [
        5,
        100,
        81,
        68,
        11,
        58,
        23,
        76,
        74,
        39
    ],
    [
        55,
        84,
        100,
        89,
        98,
        75,
        45,
        74,
        24,
        93
    ],
    [
        88,
        89,
        75,
        100,
        57,
        53,
        49,
        86,
        97,
        33
    ],
    [
        0,
        75,
        53,
        29,
        100,
        56,
        21,
        92,
        8,
        63
    ],
    [
        80,
        21,
        15,
        61,
        89,
        100,
        56,
        57,
        64,
        83
    ],
    [
        93,
        100,
        25,
        99,
        72,
        38,
        100,
        93,
        86,
        29
    ],
    [
        98,
        67,
        73,
        64,
        31,
        3,
        9,
        100,
        1,
        1
    ],
    [
        39,
        2,
        60,
        84,
        27,
        57,
        40,
        27,
        100,
        99
    ],
    [
        5,
        68,
        15,
        48,
        93,
        1,
        89,
        51,
        17,
        100
    ]
][
    [
        100,
        48,
        85,
        18,
        32,
        37,
        86,
        85,
        90,
        79
    ],
    [
        5,
        100,
        81,
        68,
        11,
        58,
        23,
        76,
        74,
        39
    ],
    [
        55,
        84,
        100,
        89,
        98,
        75,
        45,
        74,
        24,
        93
    ],
    [
        88,
        89,
        75,
        100,
        57,
        53,
        49,
        86,
        97,
        33
    ],
    [
        0,
        75,
        53,
        29,
        100,
        56,
        21,
        92,
        8,
        63
    ],
    [
        80,
        21,
        15,
        61,
        89,
        100,
        56,
        57,
        64,
        83
    ],
    [
        93,
        100,
        25,
        99,
        72,
        38,
        100,
        93,
        86,
        29
    ],
    [
        98,
        67,
        73,
        64,
        31,
        3,
        9,
        100,
        1,
        1
    ],
    [
        39,
        2,
        60,
        84,
        27,
        57,
        40,
        27,
        100,
        99
    ],
    [
        5,
        68,
        15,
        48,
        93,
        1,
        89,
        51,
        17,
        100
    ]
][
    [
        100,
        48,
        85,
        18,
        32,
        37,
        86,
        85,
        90,
        79
    ],
    [
        5,
        100,
        81,
        68,
        11,
        58,
        23,
        76,
        74,
        39
    ],
    [
        55,
        84,
        100,
        89,
        98,
        75,
        45,
        74,
        24,
        93
    ],
    [
        88,
        89,
        75,
        100,
        57,
        53,
        49,
        86,
        97,
        33
    ],
    [
        0,
        75,
        53,
        29,
        100,
        56,
        21,
        92,
        8,
        63
    ],
    [
        80,
        21,
        15,
        61,
        89,
        100,
        56,
        57,
        64,
        83
    ],
    [
        93,
        100,
        25,
        99,
        72,
        38,
        100,
        93,
        86,
        29
    ],
    [
        98,
        67,
        73,
        64,
        31,
        3,
        9,
        100,
        1,
        1
    ],
    [
        39,
        2,
        60,
        84,
        27,
        57,
        40,
        27,
        100,
        99
    ],
    [
        5,
        68,
        15,
        48,
        93,
        1,
        89,
        51,
        17,
        100
    ]
][
    [
        100,
        48,
        85,
        18,
        32,
        37,
        86,
        85,
        90,
        79
    ],
    [
        5,
        100,
        81,
        68,
        11,
        58,
        23,
        76,
        74,
        39
    ],
    [
        55,
        84,
        100,
        89,
        98,
        75,
        45,
        74,
        24,
        93
    ],
    [
        88,
        89,
        75,
        100,
        57,
        53,
        49,
        86,
        97,
        33
    ],
    [
        0,
        75,
        53,
        29,
        100,
        56,
        21,
        92,
        8,
        63
    ],
    [
        80,
        21,
        15,
        61,
        89,
        100,
        56,
        57,
        64,
        83
    ],
    [
        93,
        100,
        25,
        99,
        72,
        38,
        100,
        93,
        86,
        29
    ],
    [
        98,
        67,
        73,
        64,
        31,
        3,
        9,
        100,
        1,
        1
    ],
    [
        39,
        2,
        60,
        84,
        27,
        57,
        40,
        27,
        100,
        99
    ],
    [
        5,
        68,
        15,
        48,
        93,
        1,
        89,
        51,
        17,
        100
    ]
][
    [
        100,
        48,
        85,
        18,
        32,
        37,
        86,
        85,
        90,
        79
    ],
    [
        5,
        100,
        81,
        68,
        11,
        58,
        23,
        76,
        74,
        39
    ],
    [
        55,
        84,
        100,
        89,
        98,
        75,
        45,
        74,
        24,
        93
    ],
    [
        88,
        89,
        75,
        100,
        57,
        53,
        49,
        86,
        97,
        33
    ],
    [
        0,
        75,
        53,
        29,
        100,
        56,
        21,
        92,
        8,
        63
    ],
    [
        80,
        21,
        15,
        61,
        89,
        100,
        56,
        57,
        64,
        83
    ],
    [
        93,
        100,
        25,
        99,
        72,
        38,
        100,
        93,
        86,
        29
    ],
    [
        98,
        67,
        73,
        64,
        31,
        3,
        9,
        100,
        1,
        1
    ],
    [
        39,
        2,
        60,
        84,
        27,
        57,
        40,
        27,
        100,
        99
    ],
    [
        5,
        68,
        15,
        48,
        93,
        1,
        89,
        51,
        17,
        100
    ]
][
    [
        100,
        48,
        85,
        18,
        32,
        37,
        86,
        85,
        90,
        79
    ],
    [
        5,
        100,
        81,
        68,
        11,
        58,
        23,
        76,
        74,
        39
    ],
    [
        55,
        84,
        100,
        89,
        98,
        75,
        45,
        74,
        24,
        93
    ],
    [
        88,
        89,
        75,
        100,
        57,
        53,
        49,
        86,
        97,
        33
    ],
    [
        0,
        75,
        53,
        29,
        100,
        56,
        21,
        92,
        8,
        63
    ],
    [
        80,
        21,
        15,
        61,
        89,
        100,
        56,
        57,
        64,
        83
    ],
    [
        93,
        100,
        25,
        99,
        72,
        38,
        100,
        93,
        86,
        29
    ],
    [
        98,
        67,
        73,
        64,
        31,
        3,
        9,
        100,
        1,
        1
    ],
    [
        39,
        2,
        60,
        84,
        27,
        57,
        40,
        27,
        100,
        99
    ],
    [
        5,
        68,
        15,
        48,
        93,
        1,
        89,
        51,
        17,
        100
    ]
][
    [
        100,
        48,
        85,
        18,
        32,
        37,
        86,
        85,
        90,
        79
    ],
    [
        5,
        100,
        81,
        68,
        11,
        58,
        23,
        76,
        74,
        39
    ],
    [
        55,
        84,
        100,
        89,
        98,
        75,
        45,
        74,
        24,
        93
    ],
    [
        88,
        89,
        75,
        100,
        57,
        53,
        49,
        86,
        97,
        33
    ],
    [
        0,
        75,
        53,
        29,
        100,
        56,
        21,
        92,
        8,
        63
    ],
    [
        80,
        21,
        15,
        61,
        89,
        100,
        56,
        57,
        64,
        83
    ],
    [
        93,
        100,
        25,
        99,
        72,
        38,
        100,
        93,
        86,
        29
    ],
    [
        98,
        67,
        73,
        64,
        31,
        3,
        9,
        100,
        1,
        1
    ],
    [
        39,
        2,
        60,
        84,
        27,
        57,
        40,
        27,
        100,
        99
    ],
    [
        5,
        68,
        15,
        48,
        93,
        1,
        89,
        51,
        17,
        100
    ]
][
    [
        100,
        48,
        85,
        18,
        32,
        37,
        86,
        85,
        90,
        79
    ],
    [
        5,
        100,
        81,
        68,
        11,
        58,
        23,
        76,
        74,
        39
    ],
    [
        55,
        84,
        100,
        89,
        98,
        75,
        45,
        74,
        24,
        93
    ],
    [
        88,
        89,
        75,
        100,
        57,
        53,
        49,
        86,
        97,
        33
    ],
    [
        0,
        75,
        53,
        29,
        100,
        56,
        21,
        92,
        8,
        63
    ],
    [
        80,
        21,
        15,
        61,
        89,
        100,
        56,
        57,
        64,
        83
    ],
    [
        93,
        100,
        25,
        99,
        72,
        38,
        100,
        93,
        86,
        29
    ],
    [
        98,
        67,
        73,
        64,
        31,
        3,
        9,
        100,
        1,
        1
    ],
    [
        39,
        2,
        60,
        84,
        27,
        57,
        40,
        27,
        100,
        99
    ],
    [
        5,
        68,
        15,
        48,
        93,
        1,
        89,
        51,
        17,
        100
    ]
][
    [
        100,
        48,
        85,
        18,
        32,
        37,
        86,
        85,
        90,
        79
    ],
    [
        5,
        100,
        81,
        68,
        11,
        58,
        23,
        76,
        74,
        39
    ],
    [
        55,
        84,
        100,
        89,
        98,
        75,
        45,
        74,
        24,
        93
    ],
    [
        88,
        89,
        75,
        100,
        57,
        53,
        49,
        86,
        97,
        33
    ],
    [
        0,
        75,
        53,
        29,
        100,
        56,
        21,
        92,
        8,
        63
    ],
    [
        80,
        21,
        15,
        61,
        89,
        100,
        56,
        57,
        64,
        83
    ],
    [
        93,
        100,
        25,
        99,
        72,
        38,
        100,
        93,
        86,
        29
    ],
    [
        98,
        67,
        73,
        64,
        31,
        3,
        9,
        100,
        1,
        1
    ],
    [
        39,
        2,
        60,
        84,
        27,
        57,
        40,
        27,
        100,
        99
    ],
    [
        5,
        68,
        15,
        48,
        93,
        1,
        89,
        51,
        17,
        100
    ]
][
    [
        100,
        48,
        85,
        18,
        32,
        37,
        86,
        85,
        90,
        79
    ],
    [
        5,
        100,
        81,
        68,
        11,
        58,
        23,
        76,
        74,
        39
    ],
    [
        55,
        84,
        100,
        89,
        98,
        75,
        45,
        74,
        24,
        93
    ],
    [
        88,
        89,
        75,
        100,
        57,
        53,
        49,
        86,
        97,
        33
    ],
    [
        0,
        75,
        53,
        29,
        100,
        56,
        21,
        92,
        8,
        63
    ],
    [
        80,
        21,
        15,
        61,
        89,
        100,
        56,
        57,
        64,
        83
    ],
    [
        93,
        100,
        25,
        99,
        72,
        38,
        100,
        93,
        86,
        29
    ],
    [
        98,
        67,
        73,
        64,
        31,
        3,
        9,
        100,
        1,
        1
    ],
    [
        39,
        2,
        60,
        84,
        27,
        57,
        40,
        27,
        100,
        99
    ],
    [
        5,
        68,
        15,
        48,
        93,
        1,
        89,
        51,
        17,
        100
    ]
][
    [
        100,
        48,
        85,
        18,
        32,
        37,
        86,
        85,
        90,
        79
    ],
    [
        5,
        100,
        81,
        68,
        11,
        58,
        23,
        76,
        74,
        39
    ],
    [
        55,
        84,
        100,
        89,
        98,
        75,
        45,
        74,
        24,
        93
    ],
    [
        88,
        89,
        75,
        100,
        57,
        53,
        49,
        86,
        97,
        33
    ],
    [
        0,
        75,
        53,
        29,
        100,
        56,
        21,
        92,
        8,
        63
    ],
    [
        80,
        21,
        15,
        61,
        89,
        100,
        56,
        57,
        64,
        83
    ],
    [
        93,
        100,
        25,
        99,
        72,
        38,
        100,
        93,
        86,
        29
    ],
    [
        98,
        67,
        73,
        64,
        31,
        3,
        9,
        100,
        1,
        1
    ],
    [
        39,
        2,
        60,
        84,
        27,
        57,
        40,
        27,
        100,
        99
    ],
    [
        5,
        68,
        15,
        48,
        93,
        1,
        89,
        51,
        17,
        100
    ]
][
    [
        100,
        48,
        85,
        18,
        32,
        37,
        86,
        85,
        90,
        79
    ],
    [
        5,
        100,
        81,
        68,
        11,
        58,
        23,
        76,
        74,
        39
    ],
    [
        55,
        84,
        100,
        89,
        98,
        75,
        45,
        74,
        24,
        93
    ],
    [
        88,
        89,
        75,
        100,
        57,
        53,
        49,
        86,
        97,
        33
    ],
    [
        0,
        75,
        53,
        29,
        100,
        56,
        21,
        92,
        8,
        63
    ],
    [
        80,
        21,
        15,
        61,
        89,
        100,
        56,
        57,
        64,
        83
    ],
    [
        93,
        100,
        25,
        99,
        72,
        38,
        100,
        93,
        86,
        29
    ],
    [
        98,
        67,
        73,
        64,
        31,
        3,
        9,
        100,
        1,
        1
    ],
    [
        39,
        2,
        60,
        84,
        27,
        57,
        40,
        27,
        100,
        99
    ],
    [
        5,
        68,
        15,
        48,
        93,
        1,
        89,
        51,
        17,
        100
    ]
][
    [
        100,
        48,
        85,
        18,
        32,
        37,
        86,
        85,
        90,
        79
    ],
    [
        5,
        100,
        81,
        68,
        11,
        58,
        23,
        76,
        74,
        39
    ],
    [
        55,
        84,
        100,
        89,
        98,
        75,
        45,
        74,
        24,
        93
    ],
    [
        88,
        89,
        75,
        100,
        57,
        53,
        49,
        86,
        97,
        33
    ],
    [
        0,
        75,
        53,
        29,
        100,
        56,
        21,
        92,
        8,
        63
    ],
    [
        80,
        21,
        15,
        61,
        89,
        100,
        56,
        57,
        64,
        83
    ],
    [
        93,
        100,
        25,
        99,
        72,
        38,
        100,
        93,
        86,
        29
    ],
    [
        98,
        67,
        73,
        64,
        31,
        3,
        9,
        100,
        1,
        1
    ],
    [
        39,
        2,
        60,
        84,
        27,
        57,
        40,
        27,
        100,
        99
    ],
    [
        5,
        68,
        15,
        48,
        93,
        1,
        89,
        51,
        17,
        100
    ]
]